6.419
5.409
5.952
5.53
4.736
4.725
3.319
6.82
4.012
5.853
3.602
5.803
3.62
3.971
4.5
5.338
3.948
4.524
4.512
5.127
4.76
5.162
5.754
5.116
6.303
5.514
4.65
5.204
6.029
5.517
1.469
6.801
5.189
5.382
5.341
5.373
5.514
4.008
5.469
4.494
4.939
3.805
4.35
4.394
5.614
5.319
3.424
5.551
4.28
3.027
5.372
5.533
1.14
3.952
4.698
5.527
6.821
3.494
6.23
0.714
3.462
6.3
5.993
6.116
6.852
3.47
5.244
5.995
6.356
5.481
6.667
6.055
6.667
6.718
5.56
6.276
6.584
4.932
6.542
6.327
4.401
6.691
6.187
5.68
6.425
6.0
4.257
7.025
5.665
5.426
6.708
6.134
5.942
6.22
7.06
5.677
6.531
6.574
5.606
7.373
7.515
5.357
6.322
6.427
6.075
7.287
7.439
5.817
5.688
5.311
6.376
4.889
6.542
6.54
6.108
4.932
3.846
2.928
4.758
4.704
5.93
5.364
5.828
7.216
5.998
5.106
5.602
6.239
5.2
2.521
5.355
4.945
5.681
5.841
5.768
4.968
4.308
1.502
4.947
3.522
3.585
5.506
4.582
4.374
5.963
6.544
4.634
6.411
3.066
3.345
2.469
3.277
4.245
3.8
2.124
3.885
2.918
3.473
2.829
3.428
3.954
4.201
3.077
3.679
2.66
3.952
4.499
3.154
2.642
3.56
4.698
1.765
3.994
3.872
3.502
3.518
0.774
2.623
2.929
3.624
4.946
1.558
3.7
4.313
2.423
5.375
2.719
4.664
4.198
4.408
5.587
3.202
4.128
3.945
4.714
4.106
2.285
4.445
4.13
5.317
2.194
3.416
2.738
2.157
3.364
3.882
3.453
